0 0.00 0.00
1 0.00 0.00
2 0.00 0.00
3 0.00 0.00
4 0.00 0.00
5 0.00 0.00
6 0.00 0.00
7 0.00 0.00
8 0.00 0.00
9 0.00 0.00
10 0.00 0.00
11 0.00 0.00
12 0.00 0.00
13 0.00 0.00
14 0.00 0.00
15 0.00 0.00
16 0.00 0.00
17 -0.00 0.07
18 0.00 0.11
19 0.00 0.28
20 -0.00 0.39
21 0.11 0.18
22 0.04 0.06
23 0.03 0.10
24 0.02 0.11
25 0.04 0.12
26 0.06 0.17
27 0.09 0.13
28 0.09 0.16
29 0.09 0.14
30 0.10 0.11
31 0.13 0.13
32 0.16 0.19
33 0.23 0.24
34 0.28 0.24
35 0.30 0.35
36 0.20 0.24
37 0.26 0.33
38 0.34 0.35
39 0.48 0.58
40 0.47 0.57
41 0.50 0.55
42 0.49 0.41
43 0.52 0.45
44 0.61 0.63
45 0.55 0.58
46 0.58 0.58
47 0.63 0.55
48 0.60 0.54
49 0.74 0.69
50 0.68 0.55
51 0.77 0.67
52 0.76 0.63
53 0.73 0.72
54 0.72 0.78
55 1.00 0.92
56 0.87 0.79
57 1.08 0.97
58 1.07 1.01
59 0.96 0.86
60 1.23 1.01
61 1.35 1.14
62 1.32 1.12
63 1.26 1.13
64 1.24 1.00
65 1.18 0.96
66 1.23 1.39
67 1.51 1.57
68 1.47 1.43
69 1.53 1.48
70 1.36 1.50
71 1.46 1.54
72 1.46 1.45
73 1.59 1.52
74 1.64 1.67
75 1.81 1.61
76 1.75 1.77
77 1.90 1.85
78 1.85 1.83
79 1.65 1.61
80 1.80 1.82
81 1.83 1.86
82 1.96 1.97
83 1.94 1.99
84 1.88 1.95
85 2.08 2.06
86 2.15 2.04
87 2.12 2.02
88 2.29 2.23
89 2.25 2.19
90 2.27 2.22
91 2.26 2.24
92 2.21 2.16
93 2.22 2.19
94 2.30 2.21
95 2.26 2.21
96 2.38 2.32
97 2.38 2.31
98 2.43 2.34
99 2.37 2.34
100 2.31 2.23
0 0.00 0.00
1 0.00 0.00
2 0.00 0.00
3 0.00 0.00
4 0.00 0.00
5 0.00 0.00
6 0.00 0.00
7 0.00 0.00
8 0.00 0.00
9 0.00 0.00
10 0.00 0.00
11 0.00 0.00
12 0.00 0.00
13 0.00 0.00
14 0.00 0.00
15 0.00 0.00
16 0.00 0.00
17 -0.00 0.07
18 0.00 0.11
19 0.00 0.28
20 -0.00 0.39
21 0.11 0.18
22 0.04 0.06
23 0.03 0.10
24 0.02 0.11
25 0.04 0.12
26 0.06 0.17
27 0.09 0.13
28 0.09 0.16
29 0.09 0.14
30 0.10 0.11
31 0.13 0.13
32 0.16 0.19
33 0.23 0.24
34 0.28 0.24
35 0.30 0.35
36 0.20 0.24
37 0.26 0.33
38 0.34 0.35
39 0.48 0.58
40 0.47 0.57
41 0.50 0.55
42 0.49 0.41
43 0.52 0.45
44 0.61 0.63
45 0.55 0.58
46 0.58 0.58
47 0.63 0.55
48 0.60 0.54
49 0.74 0.69
50 0.68 0.55
51 0.77 0.67
52 0.76 0.63
53 0.73 0.72
54 0.72 0.78
55 1.00 0.92
56 0.87 0.79
57 1.08 0.97
58 1.07 1.01
59 0.96 0.86
60 1.23 1.01
61 1.35 1.14
62 1.32 1.12
63 1.26 1.13
64 1.24 1.00
65 1.18 0.96
66 1.23 1.39
67 1.51 1.57
68 1.47 1.43
69 1.53 1.48
70 1.36 1.50
71 1.46 1.54
72 1.46 1.45
73 1.59 1.52
74 1.64 1.67
75 1.81 1.61
76 1.75 1.77
77 1.90 1.85
78 1.85 1.83
79 1.65 1.61
80 1.80 1.82
81 1.83 1.86
82 1.96 1.97
83 1.94 1.99
84 1.88 1.95
85 2.08 2.06
86 2.15 2.04
87 2.12 2.02
88 2.29 2.23
89 2.25 2.19
90 2.27 2.22
91 2.26 2.24
92 2.21 2.16
93 2.22 2.19
94 2.30 2.21
95 2.26 2.21
96 2.38 2.32
97 2.38 2.31
98 2.43 2.34
99 2.37 2.34
100 2.31 2.23
0 0.00 0.00
1 0.00 0.00
2 0.00 0.00
3 0.00 0.00
4 0.00 0.00
5 0.00 0.00
6 0.00 0.00
7 0.00 0.00
8 0.00 0.00
9 0.00 0.00
10 0.00 0.00
11 0.00 0.00
12 0.00 0.00
13 0.00 0.00
14 0.00 0.00
15 0.00 0.00
16 0.00 0.00
17 0.00 0.00
18 0.00 0.00
19 0.00 0.00
20 0.00 0.05
21 0.03 0.00
22 0.05 0.01
23 0.10 0.10
24 0.15 0.19
25 0.13 0.06
26 0.07 0.05
27 0.05 0.04
28 0.05 0.03
29 0.04 0.02
30 0.04 0.03
31 0.05 0.04
32 0.07 0.05
33 0.09 0.05
34 0.12 0.08
35 0.19 0.14
36 0.22 0.21
37 0.30 0.18
38 0.38 0.24
39 0.44 0.34
40 0.51 0.35
41 0.48 0.39
42 0.52 0.50
43 0.59 0.46
44 0.53 0.45
45 0.30 0.49
46 0.21 0.40
47 0.21 0.39
48 0.15 0.55
49 0.17 0.56
50 0.18 0.60
51 0.26 0.57
52 0.38 0.53
53 0.64 0.72
54 1.28 1.00
55 1.58 1.17
56 1.25 0.80
57 1.18 0.72
58 0.90 0.63
59 0.78 0.60
60 0.85 0.67
61 1.03 0.83
62 0.90 0.81
63 1.08 0.96
64 1.02 0.93
65 0.86 0.74
66 1.19 0.93
67 1.66 1.04
68 1.17 1.02
69 1.26 0.99
70 1.64 1.46
71 1.72 1.53
72 1.40 1.17
73 1.41 1.28
74 1.71 1.62
75 1.60 1.41
76 1.43 1.25
77 1.42 1.20
78 1.60 1.24
79 1.79 1.26
80 1.96 1.57
81 2.11 1.78
82 2.19 1.96
83 2.23 1.92
84 2.03 1.83
85 2.19 1.88
86 2.04 1.94
87 2.17 2.02
88 2.22 2.09
89 2.30 2.20
90 2.14 2.20
91 2.21 2.17
92 2.26 2.24
93 2.09 2.14
94 2.39 2.34
95 2.46 2.37
96 2.34 2.44
97 2.48 2.45
98 2.49 2.38
99 2.40 2.44
100 2.53 2.60
0 0.00 0.00
1 0.00 0.00
2 0.00 0.00
3 0.00 0.00
4 0.00 0.00
5 0.00 0.00
6 0.00 0.00
7 0.00 0.00
8 0.00 0.00
9 0.00 0.00
10 0.00 0.00
11 0.00 0.00
12 0.00 0.00
13 0.00 0.00
14 0.00 0.00
15 0.00 0.00
16 0.00 0.00
17 0.00 0.00
18 0.02 0.00
19 0.01 0.00
20 0.01 0.03
21 0.01 0.00
22 0.03 0.06
23 0.13 0.07
24 0.04 0.09
25 0.05 0.04
26 0.06 0.03
27 0.08 0.05
28 0.13 0.08
29 0.13 0.11
30 0.19 0.14
31 0.12 0.12
32 0.18 0.12
33 0.22 0.16
34 0.36 0.33
35 0.57 0.43
36 0.34 0.31
37 0.35 0.27
38 0.49 0.38
39 0.53 0.38
40 0.68 0.47
41 0.48 0.43
42 0.42 0.35
43 0.48 0.35
44 0.66 0.54
45 0.73 0.64
46 0.78 0.69
47 0.58 0.51
48 0.69 0.53
49 1.03 0.82
50 1.14 0.89
51 0.74 0.71
52 0.67 0.64
53 0.99 0.88
54 1.05 0.87
55 0.95 0.84
56 1.04 0.78
57 1.07 0.88
58 1.10 0.94
59 0.97 0.79
60 1.16 0.85
61 1.04 0.91
62 1.24 0.90
63 1.18 0.93
64 1.34 1.05
65 1.22 1.00
66 1.34 1.10
67 1.50 1.27
68 1.57 1.41
69 1.46 1.27
70 1.32 0.97
71 1.28 0.97
72 1.53 1.17
73 1.76 1.36
74 2.00 1.58
75 1.90 1.54
76 2.01 1.51
77 2.14 1.77
78 2.12 1.63
79 2.10 1.71
80 2.00 1.56
81 1.91 1.69
82 1.91 1.69
83 1.85 1.65
84 1.98 1.80
85 2.12 1.82
86 2.10 1.72
87 2.18 1.93
88 2.30 1.94
89 2.19 1.97
90 2.24 2.04
91 2.08 2.08
92 2.06 2.07
93 2.23 2.20
94 2.19 2.07
95 2.19 2.21
96 2.33 2.31
97 2.31 2.34
98 2.00 2.03
99 2.31 2.36
100 2.40 2.39
0 0.00 0.00
1 0.00 0.00
2 0.00 0.00
3 0.00 0.00
4 0.00 0.00
5 0.00 0.00
6 0.00 0.00
7 0.00 0.00
8 0.00 0.00
9 0.00 0.00
10 0.00 0.00
11 0.00 0.00
12 0.00 0.00
13 0.00 0.00
14 0.00 0.00
15 0.00 0.00
16 0.00 0.00
17 0.00 0.00
18 0.01 0.04
19 0.01 0.00
20 0.03 0.00
21 0.01 0.01
22 0.02 0.05
23 0.00 0.14
24 0.04 0.13
25 0.05 0.04
26 0.05 0.03
27 0.04 0.03
28 0.05 0.03
29 0.05 0.05
30 0.06 0.05
31 0.10 0.08
32 0.14 0.13
33 0.10 0.14
34 0.15 0.14
35 0.20 0.18
36 0.29 0.29
37 0.24 0.23
38 0.33 0.29
39 0.49 0.50
40 0.77 0.83
41 0.45 0.42
42 0.38 0.32
43 0.41 0.27
44 0.52 0.47
45 0.62 0.61
46 0.78 0.64
47 0.74 0.61
48 0.76 0.60
49 0.67 0.48
50 0.50 0.42
51 0.63 0.59
52 1.08 0.85
53 0.98 0.83
54 0.94 0.79
55 1.00 0.91
56 1.24 1.04
57 1.22 1.07
58 1.03 0.91
59 1.08 0.89
60 1.01 0.88
61 1.03 0.90
62 1.19 1.01
63 1.26 1.08
64 1.37 1.22
65 1.40 1.23
66 1.39 1.25
67 1.27 1.25
68 1.19 1.25
69 1.22 1.16
70 1.18 1.24
71 1.28 1.33
72 1.42 1.46
73 1.49 1.62
74 1.62 1.56
75 1.70 1.74
76 1.59 1.70
77 1.55 1.71
78 1.56 1.60
79 1.70 1.78
80 1.63 1.72
81 1.62 1.61
82 1.62 1.74
83 1.82 1.90
84 1.91 1.99
85 1.86 1.95
86 1.74 1.80
87 1.81 2.01
88 1.99 2.17
89 1.99 2.23
90 2.02 2.34
91 1.96 2.14
92 1.98 2.12
93 2.18 2.33
94 2.19 2.37
95 2.06 2.22
96 2.01 2.24
97 1.92 2.23
98 2.30 2.39
99 2.28 2.27
100 2.17 2.49

