0 0.00 0.00
1 0.00 0.00
2 0.00 0.00
3 0.00 0.00
4 0.00 0.00
5 0.00 0.00
6 0.00 0.00
7 0.00 0.00
8 0.00 0.00
9 0.00 0.00
10 0.00 0.00
11 0.00 0.00
12 0.00 0.00
13 0.00 0.00
14 0.00 0.00
15 0.00 0.00
16 0.00 0.00
17 0.00 0.00
18 0.00 0.00
19 0.00 0.00
20 0.00 0.00
21 0.00 0.00
22 0.00 0.00
23 0.00 0.00
24 0.00 0.00
25 0.00 0.00
26 0.10 0.04
27 0.13 0.19
28 0.16 0.23
29 0.18 0.29
30 0.21 0.31
31 0.23 0.36
32 0.26 0.38
33 0.29 0.44
34 0.31 0.49
35 0.34 0.54
36 0.37 0.60
37 0.40 0.63
38 0.44 0.67
39 0.47 0.74
40 0.50 0.76
41 0.53 0.79
42 0.55 0.85
43 0.59 0.91
44 0.62 0.95
45 0.66 0.99
46 0.69 1.03
47 0.72 1.06
48 0.76 1.12
49 0.80 1.17
50 0.83 1.21
51 0.87 1.23
52 0.90 1.28
53 0.93 1.33
54 0.98 1.36
55 1.00 1.39
56 1.05 1.44
57 1.07 1.50
58 1.12 1.53
59 1.15 1.55
60 1.18 1.60
61 1.22 1.63
62 1.25 1.67
63 1.30 1.74
64 1.33 1.76
65 1.35 1.80
66 1.40 1.85
67 1.44 1.88
68 1.46 1.92
69 1.49 1.96
70 1.54 2.00
71 1.57 2.04
72 1.60 2.08
73 1.63 2.11
74 1.67 2.15
75 1.70 2.19
76 1.73 2.23
77 1.77 2.26
78 1.80 2.29
79 1.84 2.34
80 1.88 2.37
81 1.90 2.41
82 1.94 2.45
83 1.97 2.47
84 2.00 2.52
85 2.04 2.54
86 2.07 2.58
87 2.10 2.59
88 2.14 2.63
89 2.16 2.66
90 2.20 2.71
91 2.22 2.73
92 2.25 2.77
93 2.28 2.81
94 2.32 2.83
95 2.35 2.87
96 2.38 2.88
97 2.41 2.94
98 2.43 2.94
99 2.47 2.98
100 2.49 3.01
101 2.52 3.02
102 2.55 3.07
103 2.59 3.07
104 2.62 3.11
105 2.64 3.13
106 2.66 3.16
107 2.69 3.20
108 2.72 3.20
109 2.75 3.25
110 2.77 3.28
111 2.80 3.30
112 2.83 3.33
113 2.86 3.35
114 2.88 3.39
115 2.91 3.41
116 2.93 3.43
117 2.96 3.46
118 2.98 3.48
119 3.01 3.49
120 3.04 3.52
121 3.06 3.54
122 3.08 3.56
123 3.10 3.59
124 3.13 3.60
125 3.15 3.62
126 3.18 3.66
127 3.20 3.68
128 3.22 3.69
129 3.25 3.71
130 3.27 3.74
131 3.29 3.75
132 3.32 3.76
133 3.34 3.79
134 3.36 3.82
135 3.38 3.82
136 3.41 3.84
137 3.43 3.87
138 3.45 3.90
139 3.46 3.91
140 3.49 3.92
141 3.52 3.94
142 3.53 3.96
143 3.54 3.98
144 3.57 4.00
145 3.59 4.01
146 3.61 4.04
147 3.63 4.06
148 3.64 4.07
149 3.67 4.08
150 3.68 4.10
150 3.69 4.11
149 3.67 4.09
148 3.65 4.07
147 3.64 4.05
146 3.62 4.03
145 3.59 4.03
144 3.57 3.73
143 3.56 3.98
142 3.53 3.98
141 3.52 3.96
140 3.50 3.94
139 3.47 3.92
138 3.47 3.91
137 3.45 3.88
136 3.42 3.86
135 3.40 3.86
134 3.39 3.83
133 3.36 3.82
132 3.34 3.80
131 3.31 3.78
130 3.29 3.76
129 3.28 3.73
128 3.25 3.71
127 3.23 3.70
126 3.20 3.67
125 3.18 3.65
124 3.16 3.62
123 3.13 3.60
122 3.11 3.57
121 3.09 3.55
120 3.07 3.54
119 3.05 3.51
118 3.01 3.48
117 3.00 3.48
116 2.97 3.45
115 2.95 3.43
114 2.92 3.40
113 2.90 3.36
112 2.88 3.35
111 2.84 3.33
110 2.82 3.29
109 2.79 3.27
108 2.77 3.24
107 2.74 3.22
106 2.71 3.19
105 2.69 3.16
104 2.66 3.14
103 2.64 3.11
102 2.60 3.09
101 2.58 3.06
100 2.55 3.02
99 2.53 3.00
98 2.49 2.97
97 2.46 2.94
96 2.43 2.90
95 2.41 2.88
94 2.38 2.85
93 2.34 2.82
92 2.32 2.79
91 2.28 2.75
90 2.26 2.73
89 2.23 2.69
88 2.20 2.66
87 2.16 2.61
86 2.13 2.60
85 2.10 2.55
84 2.07 2.53
83 2.03 2.48
82 2.00 2.48
81 1.97 2.43
80 1.95 2.40
79 1.91 2.35
78 1.88 2.33
77 1.85 2.29
76 1.80 2.26
75 1.77 2.24
74 1.74 2.16
73 1.71 2.15
72 1.67 2.10
71 1.64 2.07
70 1.60 2.03
69 1.56 1.98
68 1.54 1.96
67 1.51 1.91
66 1.47 1.87
65 1.44 1.85
64 1.39 1.79
63 1.37 1.76
62 1.32 1.72
61 1.29 1.65
60 1.26 1.62
59 1.22 1.59
58 1.18 1.53
57 1.15 1.50
56 1.12 1.48
55 1.09 1.42
54 1.04 1.37
53 1.01 1.34
52 0.98 1.30
51 0.94 1.25
50 0.91 1.20
49 0.87 1.16
48 0.82 1.13
47 0.79 1.08
46 0.76 1.03
45 0.73 0.98
44 0.69 0.95
43 0.66 0.91
42 0.62 0.86
41 0.59 0.81
40 0.55 0.78
39 0.51 0.72
38 0.49 0.68
37 0.45 0.64
36 0.42 0.60
35 0.38 0.56
34 0.36 0.49
33 0.32 0.46
32 0.30 0.42
31 0.27 0.38
30 0.24 0.34
29 0.22 0.29
28 0.19 0.24
27 0.16 0.21
26 0.14 0.16
25 0.12 0.10
24 0.09 0.02
23 0.01 0.00
22 0.00 0.00
21 0.00 0.00
20 0.00 0.00
19 0.00 0.00
18 0.00 0.00
17 0.00 0.00
16 0.00 0.00
15 0.00 0.00
14 0.00 0.00
13 0.00 0.00
12 0.00 0.00
11 0.00 0.00
10 0.00 0.00
9 0.00 0.00
8 0.00 0.00
7 0.00 0.00
6 0.00 0.00
5 0.00 0.00
4 0.00 0.00
3 0.00 0.00
2 0.00 0.00
1 0.00 0.00
0 0.00 0.00

